9 13
z
x1
x2
s6
s5
x3
s8
s4
s7
z
x1
x2
x3
s1
s2
s3
s4
s5
s6
s7
s8
rhs
1.0 0.0 0.0 0.0 0.030303030303030415 0.3737373737373738 0.2222222222222222 0.0 0.0 0.0 0.0 0.0 27.000000000000004 
0.0 1.0 0.0 0.0 -0.030303030303030363 0.07070707070707069 -0.11111111111111113 0.0 0.0 0.0 0.0 0.0 1.9999999999999991 
0.0 0.0 1.0 0.0 -0.06060606060606064 0.030303030303030352 0.0 0.0 0.0 0.0 0.0 0.0 2.000000000000001 
0.0 0.0 0.0 0.0 0.9090909090909096 -0.34343434343434376 1.1111111111111107 0.0 0.0 1.0 0.0 0.0 29.999999999999996 
0.0 0.0 0.0 0.0 -0.09090909090909087 0.10101010101010101 0.5555555555555556 0.0 1.0 0.0 0.0 0.0 15.000000000000004 
0.0 0.0 0.0 1.0 0.06060606060606063 0.08080808080808079 0.11111111111111106 0.0 0.0 0.0 0.0 0.0 6.999999999999999 
0.0 0.0 0.0 0.0 0.09090909090909104 0.45454545454545436 6.938893903907228E-17 0.0 0.0 0.0 0.0 1.0 14.999999999999996 
0.0 0.0 0.0 0.0 -0.6363636363636369 0.7070707070707073 -1.1111111111111112 1.0 0.0 0.0 0.0 0.0 0.0 
0.0 0.0 0.0 0.0 0.7272727272727274 0.08080808080808055 0.4444444444444443 0.0 0.0 0.0 1.0 0.0 24.000000000000004 
